# Created by Octave 5.1.0, Tue Dec 31 19:44:45 2019 GMT <unknown@LAPTOP-1EVTRFV3>
# name: meanDat1
# type: matrix
# rows: 200
# columns: 3
 1 2 1
 2 2 2.2109999999999999
 3 2 3.1520000000000001
 4 2 4.7210000000000001
 5 2 6.5679999999999996
 6 2 8.516
 7 2 10.746
 8 2 13.430999999999999
 9 2 17.353000000000002
 10 2 20.364000000000001
 11 2 44.643999999999998
 12 2 50.295999999999999
 13 2 51.840000000000003
 14 2 59.981999999999999
 15 2 63.774000000000001
 16 2 70.406000000000006
 17 2 77.042000000000002
 18 2 81.870000000000005
 19 2 90.738
 20 2 100.27800000000001
 21 2 509.66000000000003
 22 2 530.77999999999997
 23 2 528.78999999999996
 24 2 562.86000000000001
 25 2 541.23000000000002
 26 2 571.46000000000004
 27 2 586.46000000000004
 28 2 582.15999999999997
 29 2 592.87
 30 2 623.83000000000004
 31 2 1273.3
 32 2 1264.1400000000001
 33 2 1259.6199999999999
 34 2 1325.5
 35 2 1256.78
 36 2 1320.5599999999999
 37 2 1358.54
 38 2 1368.78
 39 2 1398.78
 40 2 1390.6600000000001
 1 3 1
 2 3 2.75
 3 3 4.9379999999999997
 4 3 7.0099999999999998
 5 3 9.6600000000000001
 6 3 14.41
 7 3 19.712
 8 3 23.774000000000001
 9 3 31.963999999999999
 10 3 42.595999999999997
 11 3 93.159999999999997
 12 3 105.06
 13 3 117.096
 14 3 118.864
 15 3 134.29599999999999
 16 3 158.86000000000001
 17 3 166.61199999999999
 18 3 190.964
 19 3 214.82400000000001
 20 3 237.81999999999999
 21 3 1212.04
 22 3 1267.28
 23 3 1278.8399999999999
 24 3 1329.02
 25 3 1317.0599999999999
 26 3 1332.3199999999999
 27 3 1442.22
 28 3 1451.0999999999999
 29 3 1495.4400000000001
 30 3 1425.6400000000001
 31 3 2989.8800000000001
 32 3 2887.3200000000002
 33 3 3068
 34 3 3145.0799999999999
 35 3 3167.2399999999998
 36 3 3122.7600000000002
 37 3 3203.4000000000001
 38 3 3191.8400000000001
 39 3 3427.2800000000002
 40 3 3056.8000000000002
 1 4 1
 2 4 2.9281437125748502
 3 4 6.0119760479041915
 4 4 10.218562874251496
 5 4 15.281437125748504
 6 4 22.604790419161677
 7 4 31.17065868263473
 8 4 41.946107784431135
 9 4 52.634730538922156
 10 4 77.161676646706582
 11 4 164.89221556886227
 12 4 173.77245508982037
 13 4 198.82035928143713
 14 4 232.46706586826346
 15 4 272.2874251497006
 16 4 302.43113772455092
 17 4 307.25748502994014
 18 4 392.67664670658684
 19 4 424.42514970059881
 20 4 455.51497005988023
 21 4 2245.5588235294117
 22 4 2349.0294117647059
 23 4 2355.1176470588234
 24 4 2338.1470588235293
 25 4 2527.4117647058824
 26 4 2404.3235294117649
 27 4 2409.9117647058824
 28 4 2634.705882352941
 29 4 2602.9705882352941
 30 4 2760.1470588235293
 31 4 5553.3529411764703
 32 4 5874.2352941176468
 33 4 6414.9411764705883
 34 4 6121.3529411764703
 35 4 6256.9411764705883
 36 4 5925.8823529411766
 37 4 5888.5294117647063
 38 4 6276.7647058823532
 39 4 6466.0588235294117
 40 4 6203
 1 5 1
 2 5 3.552
 3 5 6.7640000000000002
 4 5 14.199999999999999
 5 5 23.763999999999999
 6 5 31.216000000000001
 7 5 47.539999999999999
 8 5 69.912000000000006
 9 5 91.016000000000005
 10 5 108.196
 11 5 240.12
 12 5 280.73599999999999
 13 5 310.49599999999998
 14 5 389.072
 15 5 407.37599999999998
 16 5 401.00799999999998
 17 5 494.54399999999998
 18 5 549.47199999999998
 19 5 611.86400000000003
 20 5 664.11199999999997
 21 5 3297.4000000000001
 22 5 3271.9200000000001
 23 5 3217.8000000000002
 24 5 3689.4400000000001
 25 5 3388.52
 26 5 3450.9200000000001
 27 5 3572.7600000000002
 28 5 3746.04
 29 5 3863.4000000000001
 30 5 3833.96
 31 5 7670.1538461538457
 32 5 8202.9230769230762
 33 5 7651.5384615384619
 34 5 8259.9230769230762
 35 5 8330.6923076923085
 36 5 8770.1538461538457
 37 5 8925.1538461538457
 38 5 8582.3076923076915
 39 5 9447.2307692307695
 40 5 9121.8461538461543
 1 6 1
 2 6 3.75
 3 6 8.6699999999999999
 4 6 17.039999999999999
 5 6 30.329999999999998
 6 6 54.884999999999998
 7 6 75.055000000000007
 8 6 108.15000000000001
 9 6 141.905
 10 6 162.94
 11 6 391.36000000000001
 12 6 473.18000000000001
 13 6 478.44
 14 6 530.07000000000005
 15 6 602.21000000000004
 16 6 665.75
 17 6 697.77999999999997
 18 6 797.16999999999996
 19 6 855.49000000000001
 20 6 1009.67
 21 6 4857.6000000000004
 22 6 5073.5500000000002
 23 6 5556.5
 24 6 5255.0500000000002
 25 6 5825.1499999999996
 26 6 6310.1999999999998
 27 6 5360.3999999999996
 28 6 5391.5
 29 6 5978.8999999999996
 30 6 6580.1499999999996
 31 6 12425.9
 32 6 12654.4
 33 6 12991.1
 34 6 13276.799999999999
 35 6 12647.299999999999
 36 6 14435.1
 37 6 14059.299999999999
 38 6 12531.4
 39 6 14249.5
 40 6 14464.799999999999


